課題5
MatrixクラスをスーパークラスとするサブクラスSimultaneousEquationクラスを作成し，吐き出し法を実現するため，必要なメソッドを追加していく。
条件は以下の通り，
・インスタンス変数として連立方程式の解を保存するdouble[] answers_が必要
・行列中のある行全体に特定の値を乗じて対角成分を1とするメソッド
  protected void _normalize(対象の行) 
  を作成する
・対角成分が1となった行全体に適切な値を乗算し，他の特定の行を引き算して0になるように計算するメソッド
  protected void _subtractRowFrom(差し引く行,差し引かれる行)
  を作成する
・以上を用いて掃き出し法を実現するメソッド
  public void _solveByGaussJordan()
  を作成する

動作は以下のような感じ。
[2.0 1.0 3.0 4.0 2.0]
[3.0 2.0 5.0 2.0 12.0]
[3.0 4.0 1.0 -1.0 4.0]
[-1.0 -3.0 1.0 3.0 -1.0]

1行1列目が1となるように割り、他の行の1列目が0となるように引く
[1.0 0.5 1.5 2.0 1.0]
[0.0 0.5 0.5 -4.0 9.0]
[0.0 2.5 -3.5 -7.0 1.0]
[0.0 -2.5 2.5 5.0 0.0]

2行2列目が1となるように割り、他の行の2列目が0となるように引く
[1.0 0.0 1.0 6.0 -8.0]
[0.0 1.0 1.0 -8.0 18.0]
[0.0 0.0 -6.0 13.0 -44.0]
[0.0 0.0 5.0 -15.0 45.0]

3行3列目が1となるように割り、他の行の3列目が0となるように引く
[1.0 0.0 0.0 8.166666666666666 -15.333333333333332]
[0.0 1.0 0.0 -5.833333333333334 10.666666666666668]
[-0.0 -0.0 1.0 -2.1666666666666665 7.333333333333333]
[0.0 0.0 0.0 -4.166666666666668 8.333333333333336]

4行4列目が1となるように割り、他の行の4列目が0となるように引く
[1.0 0.0 0.0 0.0 1.0]
[0.0 1.0 0.0 0.0 -1.0]
[-0.0 -0.0 1.0 0.0 3.0]
[-0.0 -0.0 -0.0 1.0 -2.0]

Answer:
x1 = 1.0, x2 = -1.0, x3 = 3.0, x4 = -2.0.